1 1.7287935786726616 0.0
2 0.004444466322285789 0.0044444663222859004
3 0.0008818933791125971 0.0006072374014541955
4 0.001254904982042726 0.00013361530741716997
5 0.002759262743855073 0.0025917929449094466
6 0.001425834378234514 0.00022376029478271033
7 0.00453668295598475 0.005979370472522934
8 0.0002770299165824053 0.0008020124162221517
9 0.00022168931795851776 0.0006668036589681462
10 0.0024376250769888586 0.0016775289892868844
11 0.0009387362756618778 0.00025260859408513664
12 3.88907236275049e-05 0.0005409239517533242
13 0.0007492653312175523 0.00019350554523898597
14 0.0005750283963446012 0.0002514666777064991
15 0.001030903749576595 0.00024023371863693237
16 6.0322545832880436e-05 0.0003779412550821617
17 0.0009995957627702001 0.0003430031163035533
18 0.0009479129152736299 0.00030402306500628556
19 0.0009379842769172697 0.00032021138521601093
20 0.0014161218065908976 0.0011494479562934416
21 0.0008757908406817894 0.00023076268725595941
22 0.00039673341230761494 0.0001998728691623118
23 0.0003443382448857779 0.00020547468325561417
24 0.00021223811504689216 0.0002460696615940762
25 9.917115585200698e-05 0.0002595420707714579
26 8.04797901412524e-05 0.0002467934694166188
27 0.00025205496980063025 0.00017340471072700182
28 0.00033251366186726194 0.0001073909773781443
29 0.0018231927703233897 0.0031167889120867816
30 0.000415495998266735 0.00010050478901835365
31 4.479086120223741e-06 0.0002524109777830314
32 0.0006015627861470918 0.00012815564646833505
33 0.0004953324786578506 2.1590508431626812e-05
34 0.0004667557202173711 6.3301482694285566e-06
35 0.0002298360134631583 0.00016303855740005917
36 0.000221681479142255 0.00015646177055231476
37 0.0002787752733297566 0.00011197751551547674
38 0.000604369958141282 0.00025120691327678267
39 7.305617151609489e-05 0.00019000530613250653
40 0.00014485971737809855 0.00016190433277054987
41 0.00018443974640791616 0.00013659460630011631
42 0.0001530157023725831 0.00014387300815814005
43 0.0003981857482098228 5.777838889407805e-05
44 0.0001275367364805824 0.00014359794150059155
45 0.0007458554628951841 0.0006656970842178617
46 0.00040959431136289304 8.304952765868061e-05
47 0.0006386960551370002 0.0004451291461041104
48 5.412816787520036e-05 0.00016021342824160123
49 0.0003134528200821052 7.276789498845276e-06
50 0.00026816659824668854 4.234070905381228e-05
51 0.001015078191760166 0.0014414900106904781
52 0.00018521181885988725 0.000111795422873949
53 0.00023958282511093998 7.042807044877614e-05
54 0.00022295182750320386 7.693361776315438e-05
55 8.935308376223361e-05 0.0001394432561591455
56 0.0004386786779142504 0.00017095443372021346
57 4.463168724599953e-06 0.0001473396178555443
58 0.00010394943081193375 0.00012481913284697124
59 4.062457956388599e-05 0.000137106452512685
60 0.00019474605938474276 6.755063771288553e-05
61 9.613735838209791e-05 0.00011654925189936646
62 0.00037208815133604745 0.00013110204569677375
63 9.973334325152905e-05 0.00011049824960276261
64 0.00042491363896335343 0.00022431823726229774
65 0.00022940584374442352 2.3177509394092105e-05
66 0.0010332236561958474 0.0018884749500958434
67 0.00030515302587419413 3.2266137774190906e-05
68 1.5885335217458163e-05 0.00013441156956429945
69 0.00024755008900800846 1.661409218856394e-05
70 0.00026303089648971323 2.231403062654541e-06
71 0.00029162252617642714 3.651465724649125e-05
72 0.0004336431650806549 0.00023981554991616555
73 9.322468998029798e-05 0.00010937342586249052
74 0.00012136147533370334 9.446414636071071e-05
75 0.00013570444727739606 8.40834647051758e-05
76 0.0006480116837981331 0.0007351676617121175
77 9.996784899857225e-05 0.00010253863354984724
78 0.00016188691636886965 6.647823870267397e-05
79 7.732721554010169e-05 0.00010605489535601281
80 0.0002640109845575278 3.2095116523328526e-05
81 8.601869943292151e-05 9.921951886280797e-05
82 0.0005373412474936057 0.0005118815770362335
83 0.0015985813921217673 0.004790680037543002
84 0.00015332575474524823 0.00010097147854819591
85 9.417775605724543e-05 0.00012408281880606914
86 0.00025537820036491965 1.9615970687933415e-05
87 5.855553499412025e-06 0.00013576608611668914
88 9.938743155202268e-05 0.00011507078625529188
89 9.598242249886368e-06 0.00013118000740506078
90 0.00011858226749272838 0.00010203482623103236
91 0.00013485292682435812 9.155278605446626e-05
92 0.0001402566311670128 8.617784211058244e-05
93 3.225321767041933e-05 0.00012137405557927777
94 6.584409634546873e-05 0.00011261576563924638
95 5.398753113894372e-06 0.00011957262150149098
96 0.00019754534345106656 3.528085788206958e-05
97 0.00011098780086871152 8.997820844847473e-05
98 0.0003409912800513837 0.00013663735959548381
99 9.288475849356104e-05 9.541493611501389e-05
100 0.000533394331557524 0.0005087530477965244
101 0.00018594127659254944 3.8531118827227206e-05
102 7.370630028025182e-05 0.0001006962849443363
103 4.417087352925897e-05 0.00010674793810188168
104 0.00017342544162590734 4.116757761631756e-05
105 4.3950353852517665e-05 0.00010385035575340151
106 1.8375625704170062e-05 0.00010599452922364222
107 0.00015594554539766214 4.775101253010408e-05
108 5.837622790982877e-05 9.592329958651308e-05
109 0.0003698488118952792 0.00022711096150221377
110 4.653232533180507e-05 9.753484184734512e-05
111 0.00014040345884969163 5.298962093945245e-05
112 0.00013961436147380546 5.184030370245299e-05
113 2.550244564702986e-05 9.752004062645037e-05
114 0.0001405307617325935 4.756981096274565e-05
115 0.00014184585942711436 4.500401363089976e-05
116 0.0002570025932959741 7.562451026794231e-05
117 8.6606700915981e-05 7.563649134962463e-05
118 9.056146659536246e-05 7.24152867410989e-05
119 0.0001673978696563605 1.803229439237969e-05
120 1.8917260266260172e-05 9.122004542204756e-05
121 6.06588356342197e-05 8.09672901534754e-05
122 0.00011468148497106867 5.3526220130151875e-05
123 0.00013124014975129938 4.0794809010768346e-05
124 0.00013185471492338507 3.897002529271165e-05
125 4.9306659102743566e-05 8.031972267695531e-05
126 7.550640913067674e-05 6.977081710890162e-05
127 4.006489156549442e-05 8.060527039670945e-05
128 0.00015603652891571507 1.2388705460084776e-05
129 7.08531651130162e-05 6.863825572638038e-05
130 0.00013661047492563583 2.6475044122009628e-05
131 0.00017950392271126603 1.5887809554707144e-05
132 0.0001022382386166587 4.9395099590340136e-05
133 0.0001238333030886274 3.319405407046713e-05
134 0.00026075694354821266 0.0001314620068277976
135 0.00010675208554511428 4.41625090998668e-05
136 3.174174160647247e-05 7.584657583687218e-05
137 0.0003182945623347866 0.0002428151305327135
138 1.1752399409203917e-05 7.804725228720971e-05
139 4.501107837118212e-06 7.75743500889374e-05
140 4.629050958881997e-05 6.984527106915911e-05
141 0.0026269897114625795 0.016295437366242206
142 0.0001564133012808 8.706298748908936e-05
143 0.000203603440865896 5.326062750184851e-05
144 3.37918436223994e-05 0.00012843637648282669
145 0.00012105276069829252 0.00010099275901189614
146 0.0001251972665614609 9.749900146643203e-05
147 9.254827750160288e-06 0.0001266653866063422
148 0.0002004000701669728 4.5797854216503286e-05
149 4.909954599452426e-05 0.00011971834270111531
150 9.936621627359976e-05 0.00010333959778970059
151 7.288785757175731e-05 0.0001113037153761473
152 1.889930951337604e-05 0.00012024807156092027
153 0.0001089642329972218 9.507097005702347e-05
154 1.331230455536847e-05 0.00011833829654654682
155 0.00016352471020630865 6.0833213710684286e-05
156 2.1377403201183753e-05 0.00011563317478534285
157 0.00013728604748286521 7.479078461043731e-05
158 0.00010870900619219803 8.878334740964472e-05
159 4.9279721994865966e-05 0.00010818930081199496
160 4.6184430206874794e-05 0.00010774580391173516
161 6.758656743621749e-05 0.0001012143601342233
162 6.605875104459535e-05 0.00010058096681016954
163 7.524350027932059e-05 9.654551278961282e-05
164 0.00019812461855472918 1.8291836651175564e-05
165 2.7185975711496724e-05 0.00010606564555581954
166 1.2428220147242541e-05 0.00010644616603749935
167 0.000101544876817794 8.153811872754768e-05
168 0.00013442756054704574 6.202739926559203e-05
169 5.6855244157549834e-05 9.64219687392201e-05
170 3.532108119452815e-05 0.00010025430701630228
171 8.386990023967478e-05 8.522292479833798e-05
172 0.00012402670705191632 6.372512721412177e-05
173 8.511439161118517e-05 8.281051811810658e-05
174 1.7682350477832287e-05 9.915600978704225e-05
175 0.0001013533196008165 7.320893534262102e-05
176 0.00016143490739373156 3.21937298480221e-05
177 9.921924135847249e-06 9.741046663372388e-05
178 0.0005395384272974812 0.0006455868952642552
179 8.435285367869305e-05 8.000029930883834e-05
180 0.00012148069334072531 5.950348132383737e-05
181 6.972942123373294e-05 8.40717870549193e-05
182 1.7964242881918224e-05 9.502798914633875e-05
183 8.484417766996266e-05 7.618805019800334e-05
184 7.23934342741206e-05 8.049541580401609e-05
185 0.00012668215950650819 5.0864678118094087e-05
186 2.4912392150744367e-05 9.13231805298037e-05
187 7.413239379516767e-05 7.737642950020329e-05
188 0.00011162079269344538 5.7588688583937175e-05
189 7.306755777447549e-05 7.625320563112853e-05
190 0.00020090816988482807 2.127271452964652e-05
191 0.00012676188141269584 4.51755109165744e-05
192 0.00010083894471013544 6.0787494488498406e-05
193 4.412862008629226e-05 8.312120815117535e-05
194 4.051091108547844e-05 8.327668506113994e-05
195 0.00049553900120336 0.0006081338043775614
196 0.0014336770594765014 0.005298128981306105
197 0.00013354246093522093 5.7501930707838655e-05
198 0.00012234353210205384 6.365255240254469e-05
199 2.1252253451065073e-05 9.894111903633457e-05
200 4.397544533429887e-05 9.44580994090144e-05
201 1.6497416043703694e-05 9.790014164343802e-05
202 3.723087200313557e-05 9.432148121818473e-05
203 2.0949720454188636e-05 9.601477251560547e-05
204 4.437286809855223e-05 9.133247839745312e-05
205 6.524212479752656e-05 8.463638579910698e-05
206 7.319304125985582e-05 8.099691190510683e-05
207 0.00032865164695472515 0.00019022261582359729
208 2.5255641971533294e-05 9.272625405536139e-05
209 4.61731026031309e-05 8.806011877059844e-05
210 2.228078561206104e-06 9.306863995107995e-05
211 1.6568317367404717e-05 9.167780828771288e-05
212 9.035278651925438e-06 9.154441009349978e-05
213 7.196159182187856e-05 7.69315619528338e-05
214 2.3049119383555805e-05 8.904821117675793e-05
215 5.2903528475978234e-05 8.211051199703834e-05
216 5.4987393800720596e-05 8.082200270456696e-05
217 6.905352576214163e-05 7.525490408735735e-05
218 9.212149649107104e-06 8.78591574984891e-05
219 3.267212900892602e-05 8.444970131846197e-05
220 0.00037280715493781535 0.00031038337275048067
221 0.00010887844677975878 5.328799813556634e-05
222 1.8850609096565663e-05 8.567824697910259e-05
223 8.342032081554152e-05 6.594687366059254e-05
224 3.4520427012463273e-06 8.55531118785155e-05
225 7.326354486947295e-05 6.92537763430992e-05
226 2.905211444104161e-05 8.199209530291435e-05
227 5.0009707070142184e-05 7.649302961949128e-05
228 6.148798452199067e-05 7.207736031138168e-05
229 6.464300820940849e-05 7.028512956786664e-05
230 7.025575466435008e-05 6.739795929783243e-05
231 3.086102410554403e-05 7.895268336620409e-05
232 7.093285666903704e-05 6.588907861913851e-05
233 1.4895782318058437e-05 8.015815270728116e-05
234 5.649668029672483e-05 7.04040974998793e-05
235 0.00011386262514645473 3.9300490812660405e-05
236 8.594163681752143e-05 5.6192009740600735e-05
237 2.987358971262566e-05 7.6135460495598e-05
238 0.0008373799766852041 0.002090137689792569
239 3.6768150617483286e-06 8.247348223971301e-05
240 2.6194426478776123e-05 7.990850995609478e-05
241 2.6090658485244944e-05 7.940558446151852e-05
242 3.507707971195373e-05 7.719648268089685e-05
243 9.298695139658975e-06 8.022945583063823e-05
244 2.4907192366807607e-05 7.806634952898378e-05
245 0.00013966961818767665 1.8295582863855908e-05
246 6.960478341477838e-06 7.900288209556489e-05
247 5.893392541689302e-05 6.76510357322524e-05
248 1.7983618831873827e-05 7.718818274158462e-05
249 7.47010502046841e-05 5.983072604490158e-05
250 2.383257115678994e-05 7.548545476638441e-05
251 3.919496901483299e-05 7.186968235639579e-05
252 2.3282965688764534e-05 7.4641374405153e-05
253 9.51826397610489e-06 7.56652894285878e-05
254 8.915744254389679e-05 4.923344729457213e-05
255 5.926313964899066e-05 6.344679620435417e-05
256 1.9025231704716816e-05 7.349375795148716e-05
257 7.181999098060388e-05 5.692790659426322e-05
258 2.081337891901569e-05 7.240660211483424e-05
259 5.7912245932101314e-05 6.2042551774881e-05
260 9.456092222803747e-06 7.273786549504002e-05
261 8.3602998448562e-06 7.238363109248608e-05
262 6.695144430390876e-05 5.67069721022842e-05
263 8.55758424069819e-05 4.636880431154594e-05
264 8.433843545252451e-05 4.661453834247514e-05
265 1.4671418033795902e-05 7.035129465549073e-05
266 0.00020289834010722707 7.443137676309275e-05
267 1.400285436981008e-05 6.988800556320673e-05
268 3.019443297613833e-05 6.694353834756084e-05
269 6.58993699342858e-06 6.964663618751199e-05
270 0.00010538558725126101 2.9473133125380857e-05
271 6.204357256844872e-07 6.910196949264785e-05
272 8.129598994432996e-06 6.84817228924009e-05
273 4.561793914015233e-05 6.0740023453714764e-05
274 6.788472797070177e-05 5.105673010484535e-05
275 4.157253775560754e-05 6.126239372417769e-05
276 0.00010824630470862573 2.381750206788963e-05
277 8.911493372343315e-06 6.670486722643726e-05
278 4.280019757185727e-05 5.977418530957179e-05
279 7.181344753015573e-05 4.686759147363301e-05
280 7.1941802168851154e-06 6.577663166870695e-05
281 1.5722051691646755e-06 6.561104286562092e-05
282 0.00010372200955965916 2.4124728953363317e-05
283 2.877864130867991e-05 6.181502404349615e-05
284 6.317589835336257e-05 4.9244910739577874e-05
285 8.565122932591152e-05 3.587954622047418e-05
286 3.281899349238948e-05 5.9858475282878465e-05
287 7.124304407635229e-05 4.384278884869003e-05
288 1.5057797948969665e-05 6.253985075391905e-05
289 8.501131390237227e-05 3.451006402708373e-05
290 4.031951833449732e-05 5.636474820302356e-05
291 7.637327430032315e-06 6.228128225713864e-05
292 1.392634829788797e-05 6.141440986000973e-05
293 0.00018046956423223293 6.936428738166245e-05
294 4.670983206356283e-05 5.2963556718917115e-05
295 3.382181812905394e-05 5.6836930995736445e-05
296 7.249503030859472e-05 3.97288240507887e-05
297 1.4302867400450836e-05 6.0067897204398035e-05
298 8.010264022950686e-05 3.4163585849192324e-05
299 6.163697796557344e-05 4.4617944261159115e-05
300 4.9887974822082626e-05 4.971711941417767e-05
301 2.517669035828618e-05 5.713493239496714e-05
302 0.00016749285600115016 5.811094636707509e-05
303 1.4896507216866084e-05 5.8456665018032095e-05
304 2.3220235935816902e-05 5.681932870375134e-05
305 5.020485786322304e-05 4.810698028290955e-05
306 6.390065199379791e-05 4.112055833770806e-05
307 0.00011700824004412524 3.4862756464332234e-07
308 1.219330248747319e-05 5.745409707547111e-05
309 0.00016233780606422776 5.587610732817744e-05
310 2.4331431839996753e-05 5.515353340954099e-05
311 8.114627404465224e-06 5.715491597314826e-05
312 3.3159735040921845e-05 5.2360812517034117e-05
313 4.0521587847397456e-06 5.682676520230717e-05
314 6.466056789111718e-05 3.818797265053159e-05
315 4.19077017264069e-05 4.860670705827963e-05
316 2.4835315634685884e-05 5.3385977184267075e-05
317 7.944747477894865e-05 2.765887427542968e-05
318 5.131445493078424e-05 4.383210340840743e-05
319 5.102369544007779e-05 4.3670947345482436e-05
320 2.851547171722757e-07 5.516470135784324e-05
321 8.304466255171228e-05 2.3545175273982644e-05
322 0.00010175389957445269 7.447181448821949e-06
323 1.064952603013758e-05 5.3999175840098446e-05
324 5.2966435846180104e-05 4.13551468639653e-05
325 8.179573251609895e-06 5.372695878811534e-05
326 0.0001660165643553313 7.398308099933887e-05
327 6.639132176755602e-05 3.325161084402617e-05
328 7.195153203243265e-06 5.328018855690203e-05
329 1.945643155409904e-05 5.150307015002603e-05
330 0.00016201315835795427 7.03728869532183e-05
331 0.00011558636137154465 9.949850474005872e-06
332 1.648880669247177e-05 5.1554272633563825e-05
333 2.2284958910656627e-05 5.024501041116236e-05
334 7.954357817663293e-05 2.2202206946007885e-05
335 1.1876902260121724e-05 5.150555320884709e-05
336 1.4265158484461082e-05 5.097018772270978e-05
337 2.5594137528450744e-05 4.8554851926230214e-05
338 4.087246788131438e-06 5.1412752519360005e-05
339 3.4802557397073386e-05 4.536421618777514e-05
340 5.9046311053467804e-05 3.399064723938472e-05
341 2.9849313973873137e-06 5.080478411583628e-05
342 6.182562398149294e-05 3.176847796156068e-05
343 3.1828995936233895e-05 4.541332620220523e-05
344 1.8092292391802545e-05 4.859031980471856e-05
345 9.234028904758773e-05 7.428224252849225e-06
346 4.000756192445998e-05 4.182629766410345e-05
347 1.7058614072418266e-05 4.817870199612384e-05
348 3.2443007059734796e-05 4.411195144368718e-05
349 4.118289157872823e-05 4.0619826585902574e-05
350 9.295725852176417e-06 4.858692512545171e-05
351 6.451015743813571e-05 2.752849559413406e-05
352 1.7751258777565226e-05 4.702188537190899e-05
353 2.8121083080590026e-05 4.43572009777779e-05
354 6.67258169870788e-05 2.5184504182332312e-05
355 2.8157222544678007e-05 4.394404326036466e-05
356 8.228407746724287e-06 4.7514417015670496e-05
357 2.6660102119713258e-05 4.394208603603761e-05
358 1.8396422687638747e-05 4.5691406624866204e-05
359 3.487271557212068e-05 4.0850598855078635e-05
360 0.00012304049370492898 3.313648498830951e-05
361 3.6688027522657762e-06 4.693201058859897e-05
362 4.116393148922981e-05 3.776625732289374e-05
363 3.4176019172438288e-06 4.656507505527291e-05
364 3.899860585110382e-05 3.8253886935520065e-05
365 2.6664430260892047e-05 4.2415846380691735e-05
366 1.0697368937773177e-05 4.5450733321586445e-05
367 2.175331122278301e-05 4.330724143431636e-05
368 1.0742396378438102e-05 4.506917808057981e-05
369 2.6612486105470623e-05 4.162778785739285e-05
370 9.935471209310265e-06 4.479162004186743e-05
371 0.00014830776068364138 7.632593763830242e-05
372 0.00017033960356949152 0.00011509340610761642
373 5.4858513477418214e-05 2.852546776607734e-05
374 4.0205779323621016e-05 3.603669685288413e-05
375 1.1433993698739542e-05 4.4111805910365676e-05
376 1.709807886673964e-05 4.302688775027763e-05
377 8.331239505832144e-06 4.4096731356156604e-05
378 4.9318921575558505e-06 4.4173251821891246e-05
379 5.5124341980850033e-05 2.6938430360855248e-05
380 3.667514881078304e-05 3.634400159550216e-05
381 6.226915173956904e-05 2.172064638216592e-05
382 3.689125419015227e-05 3.589297828821003e-05
383 5.273042659381666e-05 2.7556155897744128e-05
384 8.069637304819466e-06 4.299146348858002e-05
385 7.556413870757339e-05 1.0190792398098725e-05
386 8.464360399917936e-06 4.2657271892898585e-05
387 4.757495660334676e-05 2.9729570630951385e-05
388 7.319588176391001e-05 1.1466479732200052e-05
389 7.686950966778738e-05 8.022723871958792e-06
390 1.9934811119393103e-05 4.017758133733479e-05
391 3.0187051587304836e-06 4.2298951816573116e-05
392 6.949118569465895e-08 4.2190579722579946e-05
393 1.7627556507804343e-06 4.201100175638822e-05
394 2.41790562753863e-05 3.8381009304651326e-05
395 5.5353577308014934e-05 2.3368516698638042e-05
396 3.0525479585596926e-05 3.5981277818314394e-05
397 1.9690137500916194e-05 3.90916665811078e-05
398 5.412287079398226e-05 2.355035435121916e-05
399 8.611209120878982e-06 4.069298947384503e-05
400 2.236205750127951e-05 3.794157067259912e-05
401 5.781582167463384e-06 4.063534796435592e-05
402 6.724386612200206e-06 4.040995392991242e-05
403 6.375102851441383e-05 1.5496526756642037e-05
404 3.375668206251348e-05 3.3373448414857065e-05
405 6.179003216311152e-05 1.6599823668132785e-05
406 1.461073318442807e-05 3.882784874290751e-05
407 2.0987539402606004e-05 3.7259061873150257e-05
408 0.00013240711856421505 6.982325724521482e-05
409 2.540213813539971e-05 3.58086316327097e-05
410 5.052490556756162e-05 2.3656240736642797e-05
411 3.082153573918944e-05 3.359220481261721e-05
412 1.2338998003569301e-05 3.848604017055862e-05
413 2.591517433425672e-05 3.5039572605699565e-05
414 3.14340058120699e-05 3.286879671763471e-05
415 2.0924109764397514e-05 3.623456884874893e-05
416 2.3532846558982357e-05 3.534234654453683e-05
417 2.292127466940741e-05 3.5377242508183304e-05
418 1.3146649948225786e-05 3.751041755876289e-05
419 5.0131394992547484e-05 2.2182245559214386e-05
420 3.162855257388131e-05 3.1860332734064134e-05
421 1.0940797644964917e-05 3.7462073590732725e-05
422 8.561791376093808e-06 3.7628390669140754e-05
423 8.796132442867588e-05 1.2892176173888437e-05
424 5.4048887483393315e-05 1.8647381783171157e-05
425 3.495896653271657e-05 2.970926313156097e-05
426 4.353761661235467e-05 2.5093532010467268e-05
427 7.890564307722059e-06 3.7133141817156934e-05
428 7.989233274052765e-06 3.699004172701137e-05
429 5.61556521816442e-05 1.6161387448920816e-05
430 1.5995862790108006e-05 3.5460886059622554e-05
431 8.426585691156951e-05 1.0793016739209238e-05
432 4.249851310378361e-05 2.4778594609489724e-05
433 6.807227096294888e-05 5.475037734500865e-06
434 3.531845119630894e-05 2.8300020411514692e-05
435 3.296760192372794e-05 2.9249711601404826e-05
436 3.4611711254628474e-05 2.8348590446806987e-05
437 0.00013810705823469327 9.414998913639949e-05
438 6.600196513772971e-07 3.6444517186963454e-05
439 4.3635579525691526e-05 2.322794498679781e-05
440 2.0533407200318265e-05 3.330505012077295e-05
441 3.5342874776356226e-05 2.744817169341579e-05
442 6.26009658195592e-05 8.779545954747114e-06
443 1.9283537019187946e-05 3.330131580830953e-05
444 2.3328977459602385e-05 3.197037192119445e-05
445 3.816190248473461e-06 3.555315861039632e-05
446 9.999808096461393e-06 3.4832248254339226e-05
447 1.5601309700574717e-05 3.3699709780295184e-05
448 4.097303187111656e-05 2.341954881398406e-05
449 2.4288987281240182e-05 3.100736532105075e-05
450 1.9593764928327317e-05 3.234844340865156e-05
451 1.2002186615234223e-05 3.393961307073673e-05
452 3.904768141094195e-05 2.3925353403397853e-05
453 1.6199760478841085e-05 3.2863634944445275e-05
454 6.749334826583464e-07 3.4634424666390995e-05
455 2.3600542715884743e-05 3.0492554029773467e-05
456 5.638034141441928e-05 1.1343665381413626e-05
457 9.881164662495223e-06 3.361579712392315e-05
458 2.68854670948393e-05 2.8936566853779433e-05
459 2.7648803434088265e-05 2.850912567679137e-05
460 1.0690291255333051e-05 3.316371225572587e-05
461 4.9276617430482617e-05 1.5998227622236738e-05
462 3.1268793250216476e-05 2.6576554748022202e-05
463 5.2827527806220687e-05 1.3017101200933634e-05
464 6.565660348045732e-05 1.5877378401057962e-06
465 2.279712725661298e-05 2.9669025334688737e-05
466 7.243725732286599e-05 5.749819379761295e-06
467 1.1300723608886898e-05 3.241491958443782e-05
468 6.195061593272655e-06 3.297683629502335e-05
469 3.810650689017869e-05 2.2218678394452657e-05
470 6.369570919040335e-05 2.4204374303483933e-06
471 4.269771511467013e-05 1.918762899153631e-05
472 1.2513991719753648e-05 3.171239574042278e-05
473 1.607490147415014e-05 3.0829999681420556e-05
474 1.4345547377336842e-05 3.112410502111029e-05
475 2.071337387943295e-05 2.9306293945478845e-05
476 6.545555267756242e-05 4.307670776679262e-07
477 5.479326653579086e-05 9.303014655768355e-06
478 5.3118610189750726e-05 1.0564716472226399e-05
479 0.0004007875920635229 0.0011873402663896797
480 1.2676197822303337e-05 3.224146300472713e-05
481 1.158746338369987e-05 3.2332636343383736e-05
482 3.6179917923817584e-06 3.313777588825895e-05
483 4.4229362333947364e-05 1.8383590611556477e-05
484 3.947942007442862e-05 2.126229733079993e-05
485 4.4284923554904765e-06 3.280672517835814e-05
486 0.000570471483370083 0.0023530138147110982
487 1.7078135826187335e-05 3.3133235684448814e-05
488 2.4106900292863997e-05 3.0960092335427514e-05
489 6.367580995347843e-05 6.0541733999594505e-06
490 4.0672813185649304e-05 2.3079565654303413e-05
491 0.0001356117265320922 9.689172288931958e-05
492 0.00014908680309488886 0.0001241511078160923
493 2.2097699766909784e-05 3.140890348302117e-05
494 1.3647419277562634e-05 3.346467924083413e-05
495 4.775076357721453e-05 1.8281440693712625e-05
496 2.8806894055710686e-05 2.861855915773509e-05
497 3.981423590992961e-05 2.303540340774929e-05
498 8.115826876853305e-05 1.3366868344126537e-05
499 2.6500429825881966e-05 2.9256455443459062e-05
500 3.670044512005255e-05 2.4443742194443785e-05
501 8.140872212680783e-05 1.4255173206904892e-05
502 1.5232041249424455e-05 3.241880067306885e-05
503 4.784907696664398e-05 1.7204455006893105e-05
504 2.439986729263488e-05 2.9549547901630557e-05
505 5.095916323738514e-05 1.4665204293953793e-05
506 9.538022572175286e-05 3.3522229501543876e-05
507 3.521268806916389e-05 2.4535271343432974e-05
508 6.0972300901962484e-05 6.020919055826912e-06
509 3.815314162736172e-05 2.2722340965890264e-05
510 9.434416319065164e-06 3.2806654444106353e-05
511 1.0027261711398339e-05 3.262067507356359e-05
512 2.4129565146191467e-05 2.8904577474606064e-05
513 6.636436540685686e-05 3.4612624322249985e-08
514 1.3787554715927186e-05 3.1684455198313644e-05
515 3.330501427534216e-06 3.293964424334883e-05
516 3.7653555575056785e-05 2.2170089129233683e-05
517 5.5827861339174945e-05 9.137188953560471e-06
518 1.8465482164442548e-05 3.0170286612840602e-05
519 5.954283584874709e-05 5.578427746837089e-06
520 1.1654099404623253e-05 3.156896959073674e-05
521 1.7655675395022996e-05 3.012136418210909e-05
522 2.70251706182556e-05 2.679769202554999e-05
523 2.457181259551966e-05 2.7672773022117958e-05
524 1.7640609397240326e-05 2.9838636436602117e-05
525 1.0701208627228453e-05 3.1270090384574734e-05
526 3.589474756982014e-06 3.1968559789853634e-05
527 4.16446214623889e-05 1.8428437587938995e-05
528 6.348159334179648e-05 3.467344972876707e-07
529 3.356468692095049e-05 2.2998392535916734e-05
530 8.61450803113506e-06 3.117329399754398e-05
531 2.475067179918966e-05 2.6834556660242093e-05
532 4.340671805191931e-05 1.6679430186204713e-05
533 1.5712769055875597e-05 2.9550321891176623e-05
534 1.3924538758702809e-05 2.987965520759306e-05
535 4.5875745609214036e-05 1.4555860792409003e-05
536 0.00029580821697750004 0.0006609845100458422
537 1.5268665290113503e-05 2.998955467026221e-05
538 3.177850790847536e-05 2.3781890279558904e-05
539 3.6416214365564414e-05 2.1184424869688523e-05
540 9.968996566467325e-06 3.078747124663633e-05
541 3.199224658079203e-05 2.336549140682931e-05
542 2.2799618784263842e-05 2.7271871529455094e-05
543 8.0298590440675e-05 2.0073256445124477e-05
544 7.1062462752014e-06 3.088195676840405e-05
545 1.2125768795279157e-05 3.0021911404373713e-05
546 0.0001695204246856541 0.00019889567367199074
547 4.50220566849957e-06 3.107769701746199e-05
548 3.499943205054201e-05 2.1330593215025673e-05
549 1.715878380403879e-05 2.8710975420703777e-05
550 1.928995058775307e-05 2.7995824485503584e-05
551 1.707590479971266e-05 2.8556981838165352e-05
552 3.164785611819987e-05 2.271529587848098e-05
553 1.82597419475794e-05 2.804676534851752e-05
554 3.980440115558537e-05 1.7770262899494127e-05
555 2.1811320645381826e-05 2.6719175904500736e-05
556 4.6531755465206714e-05 1.2803572523222007e-05
557 5.883305170173436e-05 2.0720727271425488e-06
558 3.244252867196096e-05 2.1751438283326707e-05
559 2.9478254515602487e-05 2.316851604659137e-05
560 1.5547836317741925e-05 2.825615268611109e-05
561 6.620024967318727e-06 2.9810740546538927e-05
562 3.4488789135700415e-07 3.009244532301697e-05
563 3.2011225483685735e-06 2.9927902827880937e-05
564 1.790968543735616e-05 2.7255815676335837e-05
565 2.7214011800280602e-05 2.36582301052779e-05
566 4.072378171393609e-05 1.5870560196647177e-05
567 5.503537642725931e-06 2.9461365400738904e-05
568 0.00015495909476559433 0.00017221530527744555
569 8.943696839569526e-06 2.906490101253073e-05
570 1.888311322750802e-05 2.665526752117925e-05
571 1.0741263907654286e-05 2.8609523871972464e-05
572 3.290215018036946e-05 2.034065553353781e-05
573 2.9706926720107774e-05 2.194755126439657e-05
574 7.161657289422863e-07 2.9363219894544546e-05
575 1.4350019091224908e-05 2.7534188348145305e-05
576 2.2199031870728803e-05 2.5001434323122795e-05
577 2.2718904929552863e-05 2.471843965291126e-05
578 3.303274891863772e-05 1.9694083160382014e-05
579 1.1103701949233269e-05 2.7942530248313557e-05
580 2.0386685848361452e-06 2.8894716101193763e-05
581 4.850929197930398e-05 8.483824353519576e-06
582 7.511279587357755e-05 2.01209299186475e-05
583 1.7818700903227125e-05 2.6008868112624428e-05
584 6.825368279672617e-06 2.828962839578064e-05
585 9.659016930951836e-06 2.7807511384536632e-05
586 2.052459066814727e-05 2.4862380303435072e-05
587 4.7692924610043264e-05 8.527033623272062e-06
588 2.6310524431139015e-05 2.233847596148919e-05
589 9.211350944671182e-06 2.760892567148926e-05
590 8.709279220697752e-06 2.761503445618957e-05
591 0.0007210408745139674 0.004295909191463165
592 4.449613883927839e-05 1.6238635230619858e-05
593 3.593919781175181e-05 2.1557293988831716e-05
594 4.546558966311842e-05 1.5343272188959867e-05
595 1.9316384136880416e-05 2.863960509150859e-05
596 1.3493542186049368e-05 3.007017226099029e-05
597 5.749769380836156e-05 5.164721501790814e-06
598 1.4324270522836358e-05 2.974502040452298e-05
599 1.649113711144068e-05 2.9130690646063384e-05
600 9.030484844130271e-06 3.05726697395689e-05
601 2.3818858196689163e-05 2.6596470994122434e-05
602 4.502249428317562e-05 1.4776317253953342e-05
603 3.932790630800653e-05 1.8548309354292358e-05
604 3.518195655560774e-05 2.0948719174039565e-05
605 8.039768848067119e-05 2.140509958138692e-05
606 3.23283429937149e-05 2.2374492592784623e-05
607 1.9525728555569444e-05 2.7676465579773435e-05
608 2.412307241783651e-05 2.5962341891845597e-05
609 3.305550092269627e-05 2.1712939554170696e-05
610 2.9161357286033862e-05 2.3605884372106256e-05
611 2.367119576862642e-05 2.5897683686174067e-05
612 2.362367138375454e-05 2.5834417243915386e-05
613 4.599412490091659e-05 1.293274169616998e-05
614 2.2990549104484614e-06 3.0244551578448298e-05
615 1.8338935490858077e-05 2.7432769646854038e-05
616 3.291350185730124e-05 2.1163008255060956e-05
617 2.0433686984677735e-06 3.0042226346373158e-05
618 4.397221143226382e-05 1.3903076790708346e-05
619 1.8122866815906136e-05 2.720331079095195e-05
620 5.595925857360129e-06 2.961197678066213e-05
621 2.3676514799841897e-05 2.5101617878109383e-05
622 2.034840605436017e-05 2.625402464812021e-05
623 2.2076125028691607e-05 2.555972430555442e-05
624 2.3507736442995864e-05 2.4931296946591186e-05
625 1.601862227662565e-05 2.735819932356276e-05
626 3.161543875807027e-06 2.937579157358261e-05
627 2.3026036830131602e-05 2.4882210170572294e-05
628 1.421469067297565e-05 2.760156898914956e-05
629 2.3835947225325782e-05 2.4401976706625583e-05
630 3.0867720101079854e-05 2.1032506894939906e-05
631 6.583429881779068e-05 8.041898302120487e-06
632 9.583204429786107e-06 2.8297362491519484e-05
633 1.6400240170355573e-06 2.8994903013050688e-05
634 3.096199039909209e-05 2.067497971871418e-05
635 0.00012052623922897965 9.656495298625972e-05
636 2.6031985356222975e-06 2.8859454594507006e-05
637 2.8859448621298966e-05 2.1636243234923747e-05
638 3.7257560354886365e-05 1.6739610506362468e-05
639 4.256356821885632e-06 2.857198215838741e-05
640 1.3789609681902348e-05 2.700445044107741e-05
641 4.0046627127976464e-05 1.4584334651658593e-05
642 1.3154164171691463e-05 2.7025557646075116e-05
643 0.00014239585189845805 0.00014904456625143558
644 1.3274582576272564e-05 2.700412269038971e-05
645 7.501706431711774e-05 2.086282803789169e-05
646 1.1060320705524873e-05 2.7379137524194408e-05
647 4.575807207540805e-05 9.961232970784328e-06
648 2.5974057947131257e-05 2.238756945153325e-05
649 1.0247309268462956e-05 2.734787706486219e-05
650 2.4840694070382696e-05 2.2745685577509056e-05
651 7.041593277579139e-06 2.7710356941379466e-05
652 7.498173869135982e-06 2.7585828036316706e-05
653 5.600211725687032e-06 2.7742230008905022e-05
654 4.2591710731176846e-05 1.1746313499941263e-05
655 4.3696612936239276e-05 1.0811227264310996e-05
656 8.998912177649032e-06 2.7128863910569345e-05
657 0.000135225523051119 0.00013626359286230544
658 2.6176017714041322e-05 2.1706628259975103e-05
659 1.8657782130837575e-05 2.466511091625545e-05
660 1.1377621393027226e-05 2.656762609799801e-05
661 3.8412132355114537e-05 1.4349250908922417e-05
662 2.439386982855396e-06 2.7565475935846517e-05
663 1.8713792138136398e-06 2.7525088940848208e-05
664 1.0166366377406533e-05 2.6555187305821182e-05
665 2.075655604860671e-05 2.3508743906178187e-05
666 3.2780241613572514e-05 1.756600225318733e-05
667 1.4140682370822333e-05 2.549112909960155e-05
668 1.885741245577499e-05 2.4000350006665727e-05
669 6.98557578737713e-05 1.7603095815901804e-05
670 2.1339816525856037e-05 2.298623913726816e-05
671 4.7908661092721516e-05 5.969344609134397e-06
672 2.554448917280183e-06 2.7011295420834025e-05
673 1.0429765810782143e-05 2.600480060357957e-05
674 2.944337387034146e-05 1.891438941564738e-05
675 1.2037218585225773e-05 2.5551680779931085e-05
676 1.0790242411795603e-05 2.5755064770559277e-05
677 1.886848782173267e-05 2.3458347775569266e-05
678 7.044798259858709e-06 2.6259542700905747e-05
679 4.214962807846945e-05 1.0018277539936005e-05
680 1.743357790195965e-05 2.376498635808799e-05
681 3.248767743913028e-05 1.6632885930886743e-05
682 1.7889289340988768e-06 2.648045292413803e-05
683 6.403149901412775e-06 2.6065051684377727e-05
684 1.999325750112746e-05 2.2610142737362893e-05
685 1.3558192755391829e-05 2.4595519608858196e-05
686 1.7554158292742983e-05 2.3353405835674357e-05
687 7.399995693768702e-05 2.5911365669352426e-05
688 4.3997131878636964e-05 7.755362770194008e-06
689 2.012686496333238e-05 2.229606967606851e-05
690 4.7226168389258305e-06 2.5897436164212806e-05
691 5.5121293908833024e-05 3.0773181552284923e-06
692 1.598496768306923e-05 2.3564755415275696e-05
693 4.238252833888012e-05 8.679118077642434e-06
694 4.53365317041321e-05 6.109310076454766e-06
695 4.55811457564792e-05 5.8210283791770845e-06
696 2.3260944226555225e-05 2.06045274355679e-05
697 4.362893524412215e-05 7.3422381659873914e-06
698 3.3049067903023754e-05 1.5141900536287667e-05
699 2.7703548713731152e-05 1.823222681801573e-05
700 5.793381623364624e-05 7.045095983281013e-06
701 2.575571394647369e-05 1.9142963168537752e-05
702 3.3901445096518046e-05 1.4330761478810461e-05
703 2.501992432080158e-05 1.9387544040377902e-05
704 4.5706842333625985e-05 4.973437036821793e-06
705 4.947541951683121e-07 2.5425676423870835e-05
706 1.9047541583772087e-05 2.180087741988912e-05
707 2.1301800066764187e-05 2.0844740106273907e-05
708 3.023994345952019e-05 1.6230502449449125e-05
709 2.052382655515217e-05 2.105213164591002e-05
710 1.1198957287961164e-05 2.3929727849793248e-05
711 6.4194246907067765e-06 2.4712540408235173e-05
712 1.8427161748268972e-05 2.168502176456283e-05
713 8.976337745969509e-05 5.537370561572996e-05
714 8.850994851483662e-06 2.4240776385887897e-05
715 2.1319341249714796e-05 2.0422699472340267e-05
716 7.402567026026929e-06 2.437254959145041e-05
717 4.76999637362141e-05 2.0140396751605616e-06
718 1.235061180482333e-05 2.329923032090564e-05
719 4.661274060513421e-06 2.4564364538189054e-05
720 5.159288954281749e-06 2.4462989873720586e-05
721 1.2937659634060239e-05 2.2985820160172088e-05
722 2.100543733907223e-05 2.015392743144606e-05
723 6.806756194022157e-06 2.4111516034507063e-05
724 2.3100418521382338e-05 1.9096096409307317e-05
725 1.024436241392479e-05 2.341372912435108e-05
726 3.330575327309404e-05 1.3091535653916853e-05
727 6.677946663424805e-06 2.3935496093259456e-05
728 3.3365524905182298e-06 2.4228137991910703e-05
729 3.570566542432374e-06 2.416124780676293e-05
730 1.3171045048165908e-05 2.2454255223895714e-05
731 2.9780656564781793e-05 1.503402301872292e-05
732 1.302362559130188e-05 2.2395534375725668e-05
733 2.1864558141126977e-05 1.914587348260388e-05
734 2.91429549401645e-05 1.5234462625288159e-05
735 3.1822971019668245e-05 1.3475538761367756e-05
736 1.3235335250660896e-05 2.214542791240115e-05
737 1.7020368461295732e-05 2.0898028712849903e-05
738 2.5815439103737958e-05 1.690287710603977e-05
739 1.0466423291610738e-05 2.2685071055940365e-05
740 2.3293988469008653e-05 1.808557066859673e-05
741 3.4528421963164746e-05 1.1194433290166728e-05
742 2.5905472796239337e-05 1.662704585041891e-05
743 2.4892164791845417e-05 1.7114668204823436e-05
744 2.158848777189526e-05 1.8684103587393586e-05
745 1.9275985563282916e-05 1.963238169574999e-05
746 4.806645794031006e-05 1.0068233176063757e-06
747 3.365604905347652e-05 1.1449780191116754e-05
748 1.7438840672401312e-05 2.021699865931842e-05
749 2.568331617602837e-05 1.6371470614132133e-05
750 9.314722363895633e-05 6.929220122666585e-05
751 2.640869748682384e-05 1.593242904523312e-05
752 2.837437654856778e-05 1.4724770907179052e-05
753 1.7147180217502722e-05 2.0149245142798977e-05
754 2.2767341212315273e-05 1.7688803828484756e-05
755 1.7986390786317585e-05 1.973326528383057e-05
756 0.0002069246632345756 0.0004356264436656959
757 1.6216227884502388e-05 2.0624180765975442e-05
758 5.660536557039464e-06 2.3042152601210342e-05
759 1.431404895768651e-05 2.114459885493858e-05
760 2.2570387831155614e-05 1.782884731642287e-05
761 1.0916111552017327e-05 2.1970839847285095e-05
762 1.905493752119014e-05 1.9296677660957107e-05
763 2.6820465445664965e-05 1.5403328025548335e-05
764 2.678819884027739e-05 1.536804246663609e-05
765 7.2146083871516e-06 2.2519350028477048e-05
766 3.1435156450321244e-05 1.2319950295859583e-05
767 5.132387602468924e-06 2.2713742499409773e-05
768 1.237248802143931e-05 2.128865805953173e-05
769 2.3287658546644607e-05 1.6996437797789365e-05
770 6.28449717952062e-05 2.0260767180313444e-05
771 1.3996122137038824e-05 2.0712096031175187e-05
772 2.8381088488904638e-05 1.3987340267460069e-05
773 2.530941586953439e-05 1.5743337484393216e-05
774 7.840151486693259e-06 2.2057215931063634e-05
775 4.7397169113949644e-06 2.2441945985413048e-05
776 2.3648036262535754e-05 1.6474521221582217e-05
777 5.990754826656897e-06 2.2209149855879906e-05
778 3.830335285970321e-05 6.315146521142234e-06
779 2.0393063793866517e-05 1.7916538275555838e-05
780 1.3123889548660728e-05 2.057517243046758e-05
781 8.835328854983615e-06 2.1578066917292416e-05
782 2.2572797756303942e-05 1.6721403749163366e-05
783 2.3301106862883003e-05 1.6298831514736933e-05
784 1.0779739322952508e-05 2.1025691666246016e-05
785 1.716873228607696e-05 1.897896472580901e-05
786 1.876467552741623e-05 1.828826318907989e-05
787 1.5457402934515585e-05 1.9515056873496694e-05
788 1.45412780032661e-05 1.9779433897089416e-05
789 3.89606954211974e-05 4.979354275715109e-06
790 6.098237361751302e-06 2.16711706846201e-05
791 0.00014766070535987552 0.00022420623619225782
792 2.612863480622174e-05 1.4466626391061721e-05
793 1.6061488217200548e-05 1.921324790967599e-05
794 4.6003662823590474e-06 2.1847440107088112e-05
795 1.9603920036637135e-05 1.7688804610643816e-05
796 2.6584602547119474e-05 1.3981243028433898e-05
797 2.5632158079380574e-05 1.449717189988542e-05
798 1.076343804906621e-05 2.0613489296335274e-05
799 2.5984748614593656e-05 1.4186187200171396e-05
800 1.3714320574731431e-06 2.183542144753442e-05
801 9.039928464726898e-05 7.167681304628276e-05
802 6.789872331047775e-08 2.1833434686480135e-05
803 3.4175256244495245e-05 8.401034822018427e-06
804 2.964531446569829e-05 1.1668090189598246e-05
805 2.377556191102137e-05 1.5224086690655836e-05
806 2.363590838583285e-05 1.5253038946665132e-05
807 2.890954754009023e-05 1.2008279368251606e-05
808 2.1669316463857058e-05 1.619125438068192e-05
809 1.6193929337937618e-05 1.8545691864983727e-05
810 2.2853648961485007e-05 1.5485958420699553e-05
811 5.798451088967482e-05 1.7538636135495944e-05
812 1.6477696488159665e-05 1.8335263820869196e-05
813 1.669022633321582e-05 1.820988046009886e-05
814 7.103349517034729e-06 2.0828330161461184e-05
815 2.9776788822877265e-05 1.1014012817958663e-05
816 2.3913621210791547e-05 1.464999748576612e-05
817 3.083960429894894e-05 1.0157519612689903e-05
818 4.844297036088463e-05 6.275426588341071e-06
819 6.559229714930837e-08 2.1255525089095006e-05
820 2.7172449592383074e-05 1.252040586113834e-05
821 2.69505451799823e-05 1.2614846222128162e-05
822 1.3977727071345925e-05 1.8841083313597684e-05
823 2.0681364016450487e-05 1.60497669446924e-05
824 1.857581082376214e-05 1.6985890072179766e-05
825 1.5313075454770342e-05 1.8256262654794964e-05
826 2.6560907715467152e-05 1.261173090429113e-05
827 1.8773655950266033e-05 1.6771846920629607e-05
828 3.957494361728209e-05 2.2453707306177573e-06
829 1.3193830150637353e-05 1.8829110192353227e-05
830 1.9714404057680213e-05 1.6219892294652705e-05
831 7.065754520363399e-06 2.023950974027605e-05
832 1.5127464295883186e-05 1.805165383429036e-05
833 6.884071831025906e-06 2.019486891052802e-05
834 1.2939316070825768e-05 1.870959245018483e-05
835 2.689549937762159e-05 1.1956285890048213e-05
836 6.420376509330694e-06 2.0161630670145758e-05
837 3.270266862931415e-05 7.665719893655554e-06
838 3.548016829557632e-05 5.320879969655801e-06
839 3.008269472637437e-06 2.0456647288051577e-05
840 1.9154668116749818e-05 1.6063687876939625e-05
841 4.816750691194471e-06 2.0213065168188382e-05
842 6.918619960050165e-06 1.9874898681777886e-05
843 1.2018628880339222e-05 1.8655972844033863e-05
844 3.167849180840676e-05 8.088949734426365e-06
845 2.5434545297464695e-05 1.2418919361330272e-05
846 3.575551642387431e-05 4.613300014257027e-06
847 2.5635979085558702e-05 1.2211411962947949e-05
848 9.137706612727392e-05 8.252720673568303e-05
849 2.3800280177788125e-06 2.0225048637238785e-05
850 5.0940835658597194e-06 1.9938894154837572e-05
851 2.445620086088951e-05 1.2832757376415871e-05
852 3.966582783565542e-05 7.234390922705725e-07
853 5.6682817847208966e-05 1.962418415539513e-05
854 4.075289719951414e-05 4.3115208828853335e-07
855 1.7722864953384487e-05 1.6233634463243274e-05
856 1.1853489154889374e-05 1.8352587271036613e-05
857 5.258399904395361e-07 2.006202562390008e-05
858 3.70467995001178e-05 2.909848559051742e-06
859 3.082700545853356e-05 8.135253463374681e-06
860 5.760787343045415e-05 2.1515828052987018e-05
861 1.4947565901701765e-05 1.717004211823636e-05
862 7.160020866203709e-06 1.9290751188325017e-05
863 4.724244757836615e-06 1.9618923722777848e-05
864 2.2408771944260053e-05 1.3547630302084002e-05
865 1.3515216780835004e-05 1.7532408921563936e-05
866 3.807649529563584e-05 1.5062936655346748e-06
867 1.4284975933254174e-06 1.975149841207391e-05
868 5.559851214753664e-06 1.9351801545053338e-05
869 1.010182904104262e-05 1.8415242594549408e-05
870 8.575227637752647e-06 1.874196643075754e-05
871 2.6677668373942254e-05 1.0588371496485227e-05
872 2.78244767233371e-05 9.750341166986365e-06
873 7.85503657350084e-05 5.9058307772592855e-05
874 1.5171589626161719e-05 1.666199619179687e-05
875 0.00025130539781459404 0.0007778738221802944
876 1.604043861691551e-05 1.6770021259292223e-05
877 4.2216764903901804e-06 1.9731626288245485e-05
878 1.825290440549132e-05 1.574116664227604e-05
879 1.2208037227789958e-05 1.8016505157265883e-05
880 1.476404860212277e-05 1.7112869239638284e-05
881 2.560496911652166e-05 1.1559586794648857e-05
882 2.983419116753261e-05 8.558949322237663e-06
883 2.0040704000745535e-05 1.4690303109542169e-05
884 2.5407226148077555e-05 1.1563873785862266e-05
885 3.111790652621238e-05 7.430745201472688e-06
886 6.775713473405887e-06 1.9098877563260286e-05
887 8.359841769944865e-06 1.8759963580257388e-05
888 1.4832664488872993e-05 1.6813195320562746e-05
889 3.5066597623423235e-05 3.895825123195751e-06
890 2.2231212204459894e-07 1.9559836162197364e-05
891 2.0508093214743894e-05 1.4144982886245272e-05
892 2.821450042267415e-06 1.939565767315049e-05
893 2.275037338184127e-05 1.2819927311516488e-05
894 2.456733591582605e-05 1.1675751927939237e-05
895 1.8127303224035884e-05 1.5176416574967655e-05
896 2.6113190266796593e-05 1.058374666242784e-05
897 1.8034262875721296e-05 1.5149612009275615e-05
898 1.2323032614114382e-05 1.735575360447411e-05
899 2.1155817764961782e-05 1.3490281339824384e-05
900 6.068982652207566e-06 1.8782113844387216e-05
901 2.649617509908886e-05 1.0104196815532984e-05
902 3.449206586370046e-05 3.7192571481492465e-06
903 1.11316075890322e-05 1.756319715403437e-05
904 2.308156997066213e-05 1.219355450000209e-05
905 3.188735151482547e-07 1.9117840628711524e-05
906 1.8979894139681264e-05 1.4370910226782496e-05
907 3.1761192804902194e-05 5.83214551976019e-06
908 1.690094318518298e-05 1.5283893926076875e-05
909 1.8022555514640715e-05 1.4733678873050937e-05
910 2.7343123182532736e-05 9.130190386702486e-06
911 4.588669927363398e-06 1.867243114639372e-05
912 1.1144041063060328e-05 1.727853791162748e-05
913 1.9145627494498996e-05 1.40391307897475e-05
914 3.421362747713097e-05 3.3521634338756767e-06
915 1.3201930833206532e-05 1.6525812318542166e-05
916 1.849047899815659e-05 1.4265604421123679e-05
917 2.1342578213623398e-05 1.2718773628593583e-05
918 4.182620904957801e-06 1.851967038547092e-05
919 4.901950464430982e-06 1.8401565679296294e-05
920 1.825720437520495e-05 1.423534441965385e-05
921 2.31653462907655e-05 1.1478551940564963e-05
922 2.535664934089077e-05 1.0016339676011121e-05
923 2.2669992391533e-05 1.1711167488569207e-05
924 8.456438728154936e-06 1.7623703351940523e-05
925 2.1829101882531177e-05 1.2138091586323674e-05
926 2.6357100452623072e-05 9.159913272077658e-06
927 2.487755745805842e-05 1.0145954430100523e-05
928 1.6217727751399735e-05 1.492159600712667e-05
929 5.1122427227046074e-06 1.8096836247635806e-05
930 1.3477757706770177e-05 1.5956811368157686e-05
931 2.23161351997625e-05 1.1626357251305619e-05
932 2.193079683454613e-05 1.1822774059283558e-05
933 3.70042820947436e-05 3.137935453631502e-07
934 8.87953784522999e-06 1.7245864037958303e-05
935 3.3952151953675624e-05 2.5461531761930556e-06
936 5.497386570185725e-06 1.7858313192606334e-05
937 4.867742985359413e-06 1.7918030606869917e-05
938 2.5651752574074038e-05 9.185399380995385e-06
939 2.5971834287652484e-05 8.922059649398018e-06
940 1.66944230195476e-05 1.4330822123209686e-05
941 1.932640531210339e-05 1.2992012244174289e-05
942 1.93431786654763e-05 1.2949471944370683e-05
943 1.4627691715674018e-05 1.5129354742557388e-05
944 1.1362398477654523e-06 1.8041044992797572e-05
945 2.795289919754751e-06 1.7921937871132054e-05
946 7.671617390236918e-07 1.79935391306299e-05
947 1.948530210116317e-05 1.2693841267681638e-05
948 4.006119933563923e-07 1.7945297452172382e-05
949 2.392877941392868e-05 9.933733760028596e-06
950 2.4818104216173253e-07 1.7894200878519617e-05
951 2.5224562187453614e-05 8.96726592182484e-06
952 2.2355736231327583e-05 1.084359069024321e-05
953 2.8128231406299165e-05 6.723133182458263e-06
954 9.787689519979992e-06 1.6451360161748307e-05
955 1.459912964985044e-05 1.4771772950498974e-05
956 2.2899955508082215e-05 1.0356998480780255e-05
957 2.1033563405215006e-05 1.1479416464427183e-05
958 1.4639705756769317e-05 1.4667576211144229e-05
959 1.833682922880442e-05 1.2912574117396325e-05
960 2.1020786695302718e-05 1.138450429098714e-05
961 1.7796556884386305e-05 1.3126693094910047e-05
962 6.160802798138576e-06 1.7054836498255066e-05
963 2.6815275573133235e-05 7.337928079068079e-06
964 2.5135591882330388e-05 8.54576956803993e-06
965 8.934724612386091e-06 1.6383577094027102e-05
966 1.9660381642028213e-05 1.1974237805106869e-05
967 1.8264814156454534e-05 1.2699302680170554e-05
968 2.4080169986673283e-05 9.140929919743135e-06
969 1.761821767454208e-05 1.2971762760223549e-05
970 1.7104986094640395e-05 1.3196758011049803e-05
971 1.9776010495853313e-07 1.7374036600688314e-05
972 1.249406590386748e-05 1.5098842224961495e-05
973 5.7739728300809645e-06 1.6841155399467678e-05
974 3.3664053167292707e-06 1.7131983624796288e-05
975 6.588603939983173e-06 1.6640957916876087e-05
976 3.7353652656557657e-05 2.975638487438814e-06
977 3.7061485915756975e-06 1.7027579475817345e-05
978 1.3313781815682546e-05 1.462496544234887e-05
979 1.345731093738145e-05 1.4540253671521675e-05
980 2.1025975806665542e-05 1.0708518530772038e-05
981 2.0049593102200447e-05 1.1262076941007115e-05
982 2.1952430874883078e-05 1.0063302998193635e-05
983 1.9866113654565254e-05 1.130781428453076e-05
984 1.644407233980516e-05 1.3097135357000023e-05
985 3.136196646469358e-05 2.6068127681258546e-06
986 2.517622840203515e-06 1.6923098400886682e-05
987 1.851098131067097e-05 1.1950116122448617e-05
988 2.188988132401093e-05 9.90943460632554e-06
989 1.4992558672100031e-05 1.3629680457379056e-05
990 1.704269286140203e-05 1.2630982167173566e-05
991 1.8304715887929035e-05 1.1941833763247367e-05
992 2.5237178636894342e-05 7.442053394569881e-06
993 1.7607241362460613e-05 1.2256546688980963e-05
994 2.5584507449494254e-05 7.111535040189854e-06
995 2.847561748153815e-05 4.756126518547232e-06
996 1.1467431621614566e-05 1.4833404674202688e-05
997 0.00012294130020196192 0.00020779050802016696
998 5.928564821355842e-05 3.5229049538385016e-05
999 1.4845368540461479e-05 1.3586666284169657e-05
1000 2.4513898340572382e-05 7.908379713018887e-06
1001 4.8799754124306816e-06 1.6456106983378516e-05
1002 2.174032308177587e-06 1.6714806904946644e-05
1003 1.476557224733277e-05 1.3508981191387437e-05
1004 1.7251752755020888e-05 1.2292418113055148e-05
1005 2.4413518948662727e-06 1.662478183132171e-05
1006 1.3669987397380012e-05 1.3890566431896956e-05
1007 3.4078335851006614e-06 1.6491382845151836e-05
1008 5.074835548457557e-06 1.6254020204137243e-05
1009 1.2632734403883461e-05 1.4215910433969248e-05
1010 1.653409797741645e-05 1.2475150900317922e-05
1011 2.3313636476895994e-05 8.372877064802275e-06
1012 1.56369480812657e-05 1.285715774885371e-05
1013 7.603220452345738e-06 1.565275524011145e-05
1014 4.9204271305836045e-05 2.014404185964741e-05
1015 1.2190888889485052e-06 1.647411339176369e-05
1016 1.2059546079301597e-05 1.4265663116151683e-05
1017 6.201963192342674e-06 1.586461492825153e-05
1018 2.8713156938753315e-06 1.629965324040361e-05
1019 1.8677570992053916e-06 1.6347822754524122e-05
1020 2.6429261507754376e-05 5.718218929473551e-06
1021 1.801439116544401e-05 1.1400010249365544e-05
1022 2.6534667609601215e-05 5.566019605461603e-06
1023 1.563158385819996e-05 1.2575317846416634e-05
1024 1.6492106413190655e-05 1.2124231842748634e-05
1025 2.575522887404702e-06 1.6171983284934965e-05
1026 2.0707034848133077e-05 9.655781958502196e-06
1027 1.3558075140140957e-05 1.3398813065224058e-05
1028 3.221082314230905e-05 2.108182396362568e-07
1029 5.624786208802135e-06 1.5703035143407873e-05
1030 5.966948263780303e-05 3.88268177912085e-05
1031 2.114669606312347e-06 1.6102100331982783e-05
1032 4.7416318569304394e-06 1.57997414013053e-05
1033 3.4277900631263236e-06 1.5942325957474246e-05
1034 2.0213160182303014e-05 9.759451982352396e-06
1035 2.451961909200051e-05 6.7377477039470834e-06
1036 2.9452107855876264e-05 2.5669399071823196e-06
1037 6.592665567017875e-06 1.5368336708440622e-05
1038 1.7092715057343e-05 1.1465298781730693e-05
1039 2.2926731314099058e-05 7.792289386125695e-06
1040 3.146321767122373e-06 1.582760304832953e-05
1041 5.3667529886780585e-06 1.5508388525195538e-05
1042 2.123370491546872e-05 8.866305863754198e-06
1043 8.142592354154488e-06 1.4876062534231738e-05
1044 0.00010678410030062757 0.00016292904582124873
1045 2.2472183923705202e-05 8.048765283749648e-06
1046 1.3913474140592186e-05 1.2902849568785513e-05
1047 1.8979325812962244e-05 1.0261182443675743e-05
1048 1.9317027795118236e-06 1.5838284992256146e-05
1049 2.6453868386955293e-06 1.576405951055765e-05
1050 1.2073396313816431e-06 1.582862993541878e-05
1051 1.6454428557022283e-05 1.1554144764572283e-05
1052 1.0323109145282672e-05 1.4123617577257996e-05
1053 2.7184207015640283e-05 4.088998493800844e-06
1054 2.2475535659038925e-05 7.764493236556147e-06
1055 1.8931767706620306e-05 1.0064357947543734e-05
1056 6.341100030615721e-06 1.5092648536413344e-05
1057 1.7462073177432202e-05 1.085841050121883e-05
1058 2.355523577235452e-05 6.851640567059891e-06
1059 2.15664907445845e-05 8.25423156123467e-06
1060 1.9279782088599262e-05 9.717851593246674e-06
1061 8.72846713395603e-06 1.4415389316069227e-05
1062 9.487986460943176e-07 1.559747787555077e-05
1063 3.1714607338084733e-06 1.5428606730739924e-05
1064 8.60694711279919e-07 1.5556060802425498e-05
1065 1.9434074791435663e-05 9.474381715633695e-06
1066 2.7543062355306347e-06 1.540487953813341e-05
1067 3.4017384953344276e-07 1.550335477141368e-05
1068 5.900536171443704e-06 1.4921421036769023e-05
1069 4.971134496045693e-06 1.5062502747256734e-05
1070 2.1512445889992904e-05 7.950023393238359e-06
1071 2.119173954362452e-05 8.144989528134639e-06
1072 1.0481599856504431e-05 1.3621594039142648e-05
1073 6.039686610170847e-06 1.479077988873756e-05
1074 2.0449879123640713e-05 8.558906309324987e-06
1075 1.8597046566704023e-05 9.710791231506977e-06
1076 2.6628042993914747e-05 3.7631032500304307e-06
1077 1.684503546917071e-05 1.0676863252748192e-05
1078 8.501281323791687e-06 1.410865537452427e-05
1079 1.16105798739774e-05 1.306278303867675e-05
1080 2.846272918799464e-05 1.973368775498585e-06
1081 1.0727091730222682e-05 1.3346236632870434e-05
1082 2.2809689304237324e-05 6.667477633420793e-06
1083 9.704612669025892e-06 1.3647788679203854e-05
1084 2.2199463868055602e-05 7.061161451001052e-06
1085 1.785154447087045e-05 9.905272991495018e-06
1086 6.730613349992254e-06 1.4392819764411091e-05
1087 1.2659899138567354e-05 1.2470805909665927e-05
1088 1.2689766913487333e-05 1.2435197237536944e-05
1089 1.3949357289710917e-05 1.1856093196101203e-05
1090 1.4214063312811831e-05 1.1708984933966882e-05
1091 2.4443401786644614e-05 5.116287245282569e-06
1092 1.2815386991604782e-05 1.229459679717021e-05
1093 1.767672961583422e-05 9.803153192752823e-06
1094 9.110636985054654e-06 1.3604633051389481e-05
1095 8.870004053473934e-07 1.4955681033844426e-05
1096 1.5955520637378484e-05 1.0691938604652507e-05
1097 1.6723823653697067e-05 1.0247884570428745e-05
1098 2.5894850915308965e-05 3.6740472762475385e-06
1099 4.469085772118575e-06 1.45611998341455e-05
1100 1.7303256583112159e-06 1.482584773270651e-05
1101 2.09473938557192e-05 7.4742565900481894e-06
1102 4.946915687309428e-06 1.4426832656025401e-05
1103 1.1837947109016866e-05 1.2455511984352241e-05
1104 6.455053735976435e-08 1.4799890744897348e-05
1105 2.0462220120309738e-05 7.699925734537538e-06
1106 2.0694284639022342e-05 7.513331375920418e-06
1107 1.7961551122880337e-05 9.278510690095831e-06
1108 1.3604135807865347e-05 1.158830449422138e-05
1109 1.098321154091586e-05 1.2660687916360436e-05
1110 8.032900655097208e-06 1.359352574225453e-05
1111 2.5340245064953137e-05 3.7348602549627796e-06
1112 2.517937142787474e-05 3.847428201309011e-06
1113 2.0741489023423654e-05 7.2992982738454e-06
1114 9.41248761154867e-06 1.3111779659624734e-05
1115 1.4341694791086823e-05 1.1087388450355118e-05
1116 3.853150661869975e-06 1.4334342484823015e-05
1117 5.5690643387951155e-06 1.4037157272807355e-05
1118 4.78594774171448e-05 2.4773919187967564e-05
1119 5.205091171345266e-05 3.196633765174817e-05
1120 5.829618829888972e-06 1.3965440658361694e-05
1121 6.03554286215946e-06 1.3903427524032674e-05
1122 1.959066172485535e-05 7.900874135345626e-06
1123 2.9229123280849478e-05 2.3459286743743313e-07
1124 2.3853302102416762e-06 1.4383458624520062e-05
1125 2.6162522066552896e-06 1.4344097594966299e-05
1126 9.965444661030887e-06 1.272462110798317e-05
1127 1.0854277135541324e-05 1.2383324329602596e-05
1128 9.334264432725448e-06 1.2894825373824248e-05
1129 2.0611619709454132e-05 7.008575565146946e-06
1130 1.7604848470131884e-05 8.982574770104168e-06
1131 2.1590123844283937e-05 6.240524141498671e-06
1132 4.4365762146281185e-06 1.3996916749213495e-05
1133 8.352520966870003e-06 1.3103586055634997e-05
1134 1.5771068720971115e-05 9.956460162476033e-06
1135 1.681067000403047e-05 9.341755779698757e-06
1136 1.065655556375944e-05 1.227990260426609e-05
1137 2.4753106671271397e-05 3.506680376998139e-06
1138 1.3159586562228043e-05 1.1196932928170256e-05
1139 3.0397767484258154e-05 2.0183228546799548e-06
1140 5.1890747299276896e-05 3.312597741469969e-05
1141 3.3224728530623082e-06 1.4015931152619454e-05
1142 6.7902224802907085e-06 1.3379469089989937e-05
1143 2.41688978985799e-06 1.4070226593894397e-05
1144 2.013285321567082e-06 1.4083122119673552e-05
1145 3.785781351073325e-06 1.3882770734087446e-05
1146 1.1757740406848072e-05 1.1670355264593868e-05
1147 7.685523619072043e-06 1.3053365843639086e-05
1148 3.962840235183229e-05 1.3778431045725903e-05
1149 2.0007401214661158e-05 6.9690054657414735e-06
1150 2.0927509108759068e-05 6.27664256507704e-06
1151 1.0989464224619994e-05 1.1896944510349228e-05
1152 1.7796107486311996e-05 8.386424160004846e-06
1153 1.725301548516356e-05 8.70371989886154e-06
1154 1.072139424862506e-05 1.1944246092132627e-05
1155 4.711788041511511e-06 1.3582616659527091e-05
1156 5.26351539531511e-06 1.3465606704093913e-05
1157 6.402699161522918e-06 1.320885709672065e-05
1158 1.6319512609941356e-05 9.146209208291123e-06
1159 4.880287013842022e-06 1.3482014287580224e-05
1160 1.7314191982364946e-05 8.498999945746877e-06
1161 1.8524388718521578e-06 1.3814733907206722e-05
1162 2.5726976011775093e-06 1.3739280923130703e-05
1163 1.5246447535588459e-06 1.379884789664415e-05
1164 1.5192922051765478e-05 9.649520585304494e-06
1165 1.0597991293437303e-06 1.3786661192782823e-05
1166 5.274216808182075e-06 1.3285017834180346e-05
1167 3.363989189431038e-07 1.3769671262639505e-05
1168 8.610580185308692e-06 1.2406710291373857e-05
1169 1.7769280976187574e-05 7.99239315370931e-06
1170 1.881748844900777e-05 7.2724533156307e-06
1171 6.809828760889758e-07 1.3698517609475602e-05
1172 1.6271404026380054e-05 8.855735483953575e-06
1173 5.2561290684316475e-06 1.3168994163051395e-05
1174 1.1313410123392487e-05 1.1314262494538374e-05
1175 6.839222961296798e-06 1.278318080465829e-05
1176 1.9597277383542888e-05 6.577760674406075e-06
1177 4.58294374894308e-06 1.3223116846365623e-05
1178 2.2841727141287294e-05 3.998433127275214e-06
1179 2.3539651382131765e-05 3.3801797293814273e-06
1180 9.711240492649154e-06 1.1827939288104605e-05
1181 2.4690144533323632e-05 2.305304091211602e-06
1182 1.4550738301144506e-05 9.627448285622064e-06
1183 7.711311256430875e-06 1.2421858687251819e-05
1184 1.5304004363114743e-05 9.169770070510674e-06
1185 0.0001683405435970453 0.0005073644593536208
1186 1.6767014315632878e-05 8.559932569922324e-06
1187 1.5081945306194555e-05 9.519774680222248e-06
1188 4.453443680940694e-06 1.3298172047655765e-05
1189 6.151646869234639e-06 1.295071493114669e-05
1190 1.120153640510324e-06 1.360403428370821e-05
1191 1.1606980981682113e-05 1.1135799034923954e-05
1192 1.630961307408363e-05 8.703195964729349e-06
1193 2.116558706299898e-05 5.333684728499322e-06
1194 9.726498628070956e-06 1.1822031387491438e-05
1195 1.5805614729469397e-05 8.940566063098121e-06
1196 1.1483421034075292e-05 1.1098452812920157e-05
1197 1.0775442187860307e-05 1.1370997370266367e-05
1198 9.169629819893999e-07 1.3486231203022059e-05
1199 1.2735858098578134e-05 1.0478571479136112e-05
1200 1.6024089614319337e-05 8.704781976613674e-06
1201 6.915586525879647e-06 1.2566004532921227e-05
1202 9.647428860670715e-06 1.1706922628168526e-05
1203 1.335138908764577e-05 1.0102568566150438e-05
1204 1.842670092067067e-05 7.076964470956182e-06
1205 7.540793500515619e-06 1.2331347164502848e-05
1206 1.8174180451024924e-05 7.2050161562253745e-06
1207 2.501912223928926e-05 1.6555989008279481e-06
1208 1.3505562978188834e-05 9.935836944863219e-06
1209 7.522682435201489e-06 1.2274713385440617e-05
1210 1.4930325728412797e-05 9.136374170090611e-06
1211 1.4496515840178859e-05 9.356749648990748e-06
1212 1.8798142466192047e-05 6.644281254082618e-06
1213 1.302712269168893e-06 1.3244030252421157e-05
1214 7.2209488790608845e-06 1.2276702772109904e-05
1215 1.2364878765103171e-05 1.0358230725683593e-05
1216 5.5752488403726375e-08 1.3228406361052991e-05
1217 1.2732763459144536e-06 1.3181486574212475e-05
1218 1.3971887575792152e-05 9.498489345803607e-06
1219 8.357002172054706e-06 1.1856863154122155e-05
1220 2.4956659536723436e-06 1.3047258488434188e-05
1221 2.3991445872395545e-05 2.2101961946949245e-06
1222 1.5455405512065923e-05 8.593465143730272e-06
1223 2.8454676135769574e-05 2.2937718654122974e-06
1224 1.9855756622222387e-05 5.60004241960399e-06
1225 6.1778571995851905e-06 1.2372506644368897e-05
1226 3.239415286970804e-05 6.954127880716421e-06
1227 2.0506568898737143e-05 5.040518199911359e-06
1228 3.4059391884611045e-06 1.2842459512017734e-05
1229 2.8937266623785263e-05 2.987459725781183e-06
1230 2.120462765908826e-05 4.421164089198071e-06
1231 1.803497511687624e-05 6.7864699666228545e-06
1232 0.00017766134704921832 0.0005876002885407405
1233 5.5849153961506914e-06 1.2652414933950196e-05
1234 3.0630305933865287e-06 1.3048020552117179e-05
1235 7.574790943376541e-07 1.319848440318322e-05
1236 1.9135513592338782e-05 6.256940585327997e-06
1237 1.4820465320530829e-05 9.014980959204388e-06
1238 2.314688331739312e-05 2.9958123242829204e-06
1239 1.1831511758542135e-05 1.0494133616555101e-05
1240 1.3198451749074636e-05 9.825474722301164e-06
1241 1.3285044708544191e-05 9.763582236081703e-06
1242 6.303240908112073e-06 1.2352617281996547e-05
1243 4.912933637690742e-08 1.3094529139293098e-05
1244 2.6746205544103674e-05 5.896417105133445e-07
1245 3.6898338442448164e-06 1.2808113969128843e-05
1246 4.697243237705706e-06 1.2630378346270565e-05
1247 2.2398559534009266e-05 3.42034653022516e-06
1248 1.0630853132465035e-05 1.0856927379968018e-05
1249 8.748626896037948e-06 1.1540399264819978e-05
1250 1.5880368072984652e-05 8.145725076569299e-06
1251 9.543180925941641e-06 1.1228663990607568e-05
1252 2.9771493470498456e-06 1.2796371713801047e-05
1253 9.328611929815267e-06 1.1272386414754032e-05
1254 3.229079194433382e-05 7.202374732569183e-06
1255 1.0496344985844175e-05 1.0799718183164553e-05
1256 1.998819007198449e-06 1.283757446630951e-05
1257 1.6474842711833304e-05 7.640702482762662e-06
1258 1.7722885886639617e-05 6.79427240633107e-06
1259 6.94706048887106e-06 1.1936239448319397e-05
1260 8.27950524984189e-06 1.1525821649621681e-05
1261 1.8192404311889732e-06 1.277914834365429e-05
1262 5.662904745795672e-06 1.220348900583812e-05
1263 6.690380659257755e-06 1.194017493984234e-05
1264 6.86756206436101e-06 1.1877384246523903e-05
1265 1.6400161315432982e-05 7.525163642711774e-06
1266 1.9454242423222468e-05 5.363907739606988e-06
1267 2.2974900498518025e-05 2.418941077657333e-06
1268 1.124357155357636e-05 1.0268644112944314e-05
1269 2.356019561111644e-05 1.838964269258725e-06
1270 1.856123282584221e-05 5.954674569388918e-06
1271 1.4855274224512272e-05 8.37069383682193e-06
1272 6.973521847752906e-06 1.1739553055820084e-05
1273 2.6492994442683937e-07 1.2680899041717097e-05
1274 1.7274123761845672e-05 6.779976046408787e-06
1275 1.2867320156040307e-05 9.384693969695379e-06
1276 1.7389154175262433e-05 6.662756046195428e-06
1277 2.2841637709047902e-05 2.3038074236439443e-06
1278 9.813657804835785e-06 1.071012235519947e-05
1279 1.2231226962144959e-05 9.63710432386189e-06
1280 3.2146047781012044e-05 7.918589741598425e-06
1281 3.133050204384702e-06 1.2388471232867293e-05
1282 1.6416938047658647e-05 7.209481435691001e-06
1283 9.327979975104483e-06 1.0824140186299624e-05
1284 2.3136015325331272e-05 1.8765528411526788e-06
1285 1.0762941695219297e-05 1.0221278296661251e-05
1286 1.0893708573656014e-05 1.014848109878036e-05
1287 2.008259986086003e-05 4.443450044577801e-06
1288 1.4889400392625873e-06 1.2448518536378739e-05
1289 2.637110437353485e-06 1.233904954667936e-05
1290 7.820950873815846e-06 1.1237263810845444e-05
1291 1.796138595633323e-07 1.2449235020271787e-05
1292 6.872281315795092e-06 1.1486153893416895e-05
1293 1.4296638900512804e-05 8.308666417301824e-06
1294 1.81617293493197e-05 5.764937649810342e-06
1295 7.99746472668339e-06 1.1107173159025097e-05
1296 2.0649298833275154e-05 3.777181002286023e-06
1297 1.6878762333583097e-05 6.616653143824702e-06
1298 1.2992691181823446e-05 8.94614275415151e-06
1299 6.870297532435288e-06 1.1391307767935621e-05
1300 2.1300261297652057e-05 3.139121957852764e-06
1301 1.91162201035322e-05 4.910539703410766e-06
1302 1.1917211506062841e-05 9.427577797482822e-06
1303 9.438244616077895e-06 1.0487353435513491e-05
1304 3.811663142672117e-06 1.1988777702295894e-05
1305 2.939502680376904e-06 1.2094372521344321e-05
1306 1.2592209976070023e-05 9.02282356800288e-06
1307 1.327496590075583e-05 8.646091806008283e-06
1308 6.226656030339228e-06 1.1438530673243963e-05
1309 1.4836711301757788e-06 1.217210587239198e-05
1310 1.1260746234142971e-05 9.605992602822189e-06
1311 1.1900298395151054e-05 9.28655480809254e-06
1312 3.930458067902265e-07 1.2174189397320956e-05
1313 2.6884239587854353e-06 1.201492375186436e-05
1314 5.572888260862996e-06 1.1510689082547265e-05
1315 1.5887009928716722e-05 6.938061917260985e-06
1316 2.4409932332103423e-05 1.5749710920859306e-07
1317 1.8694079993553103e-05 4.905681003870843e-06
1318 1.1713354358011685e-05 9.270753390119846e-06
1319 8.969247187406992e-06 1.0428259404816898e-05
1320 7.302963077160385e-06 1.0974434149234324e-05
1321 9.040939739080045e-07 1.2047894678735016e-05
1322 1.6205171461836088e-05 6.604866514485497e-06
1323 9.980584235957934e-06 9.971557746492332e-06
1324 1.6167246116083334e-05 6.594828636387329e-06
1325 7.852754372539295e-06 1.073228728382114e-05
1326 1.750232832664622e-05 5.6229951086103624e-06
1327 1.6143032920190592e-05 6.5590529863060465e-06
1328 1.106356748770132e-05 9.42546144425821e-06
1329 1.393170350305617e-05 7.91296970935329e-06
1330 1.712965036926306e-06 1.1893443794160075e-05
1331 6.207627194498855e-06 1.1134754705988126e-05
1332 2.105827745468858e-05 2.637120120892178e-06
1333 9.77877067853683e-06 9.912856375977885e-06
1334 2.2050263373873946e-05 1.6993821223762473e-06
1335 1.5633948172277812e-05 6.7608364746757355e-06
1336 2.850095253292828e-05 5.194911158377946e-06
1337 1.736312533373585e-05 5.533997810655555e-06
1338 1.0428545115015453e-05 9.57605785168597e-06
1339 1.2734498079369772e-05 8.435077098620236e-06
1340 8.420043288381862e-06 1.0345897681202088e-05
1341 1.1332183249779249e-05 9.116286342022994e-06
1342 9.89054174560522e-07 1.1796682971562666e-05
1343 5.567823321728227e-06 1.1147748286380321e-05
1344 1.2297863707155798e-05 8.58544492265273e-06
1345 9.909490218840133e-06 9.695618860883215e-06
1346 1.7829147580528115e-06 1.1699408083723495e-05
1347 2.2091746808339252e-05 1.3769397078020051e-06
1348 9.03864180834546e-06 1.0005958092154654e-05
1349 5.454775662938616e-06 1.1098289354076474e-05
1350 4.633474504522894e-06 1.1261504936424527e-05
1351 1.3826101226133147e-06 1.166573783713959e-05
1352 2.8113859475986658e-06 1.152463083003985e-05
1353 1.0072753235945697e-05 9.509607187152547e-06
1354 2.475202037399704e-05 1.4526977203249691e-06
1355 2.34159604195483e-06 1.154292175210847e-05
1356 9.598655135834022e-06 9.67048978618018e-06
1357 3.866007866282217e-06 1.1314380050642114e-05
1358 7.918335455991965e-06 1.0274338123034132e-05
1359 1.088744054422719e-05 9.058572983250412e-06
1360 1.154473878051121e-05 8.726364456417002e-06
1361 4.9649702822396335e-06 1.1055005592140732e-05
1362 2.719519153848715e-05 4.393513627569401e-06
1363 4.873904734470358e-06 1.105402283786e-05
1364 1.5102238285269465e-05 6.621391012477662e-06
1365 1.103194063656332e-05 8.90882550460409e-06
1366 6.015414375060146e-06 1.0747903316912777e-05
1367 2.247588356762975e-06 1.1410210280712874e-05
1368 1.9326141975639644e-06 1.1426096349076431e-05
1369 1.3981388443218279e-05 7.244180800836109e-06
1370 4.41058880151779e-06 1.1060187723253845e-05
1371 8.907459114970706e-06 9.742384864543097e-06
1372 1.452004289936859e-05 6.860876394343407e-06
1373 5.773661137187247e-06 1.0720636385824767e-05
1374 5.566783760624361e-07 1.1429427955324256e-05
1375 1.710314713632144e-06 1.1359721728963768e-05
1376 4.021610462645597e-06 1.1057031871264389e-05
1377 6.706624690488994e-06 1.0412718669056131e-05
1378 3.549515587009111e-06 1.1110375742875989e-05
1379 1.2678934973697764e-05 7.842293473045436e-06
1380 1.0053157051270745e-06 1.1341331921779774e-05
1381 1.7057088566474476e-05 4.945268630741906e-06
1382 1.2123255476392814e-05 8.102170920530616e-06
1383 1.877325849442002e-06 1.1252338168565856e-05
1384 7.48422114726921e-07 1.1305464874447613e-05
1385 9.677645387728973e-06 9.23499178470677e-06
1386 1.6294588074394767e-06 1.1235327547008678e-05
1387 1.2305162135906045e-05 7.927369123007788e-06
1388 4.535066826250045e-05 3.4306940992503976e-05
1389 1.2101603710235054e-06 1.1242678631923075e-05
1390 9.908797200974817e-06 9.08409766078172e-06
1391 1.4280691906121135e-05 6.721458915080747e-06
1392 1.0750458131481011e-05 8.671387490374882e-06
1393 8.419200004050609e-06 9.652271537152757e-06
1394 4.900765024684617e-06 1.068329443086602e-05
1395 4.187230856045332e-06 1.0815487087593306e-05
1396 1.6450267970036236e-06 1.11342195420229e-05
1397 9.130166109816429e-07 1.116400867165121e-05
1398 8.444834866727646e-06 9.574932810823417e-06
1399 2.106464064688396e-05 1.2219756780201818e-06
1400 1.2102023144500151e-05 7.867999966992834e-06
1401 1.7916112041049814e-05 3.938736685214772e-06
1402 1.2798553238324573e-05 7.452503779925568e-06
1403 1.5202895281118955e-05 5.925307073266495e-06
1404 1.2394744539623304e-05 7.653904755950541e-06
1405 1.0912697602671884e-05 8.417772901420095e-06
1406 1.984276361710613e-05 2.2143452591549817e-06
1407 1.1460767084248147e-06 1.1050260780281346e-05
1408 1.1322607757602299e-05 8.173002998844436e-06
1409 9.69394911010113e-08 1.1057126991183275e-05
1410 1.266377301667454e-05 7.416669310755797e-06
1411 1.298557491513641e-05 7.215833080744666e-06
1412 1.1051915734583417e-05 8.255568960030546e-06
1413 1.256993696796549e-05 7.428445704768527e-06
1414 1.7028127989870967e-06 1.0937734344813183e-05
1415 1.3605450837284039e-05 6.782901066693797e-06
1416 1.7973615775046525e-05 3.629731106170181e-06
1417 1.4989795772191172e-05 5.854733640141274e-06
1418 9.887381524853467e-06 8.734101879327716e-06
1419 6.098617674421547e-06 1.0103325351742964e-05
1420 6.929704098546097e-06 9.843816894415658e-06
1421 1.191002641665051e-05 7.685893374288072e-06
1422 1.1725852488098099e-05 7.772053494697895e-06
1423 1.8301416098376322e-05 3.235349656686287e-06
1424 4.29720638472908e-06 1.0476673433134492e-05
1425 8.890643683256982e-06 9.074376663281702e-06
1426 1.656296478991237e-05 4.574969922548772e-06
1427 7.534879519432991e-06 9.563095570350871e-06
1428 4.684455087389239e-06 1.0352617578722467e-05
1429 1.9062447173423536e-05 2.473770620303045e-06
1430 1.2253352638325055e-05 7.3755640598374694e-06
1431 6.247586495922164e-06 9.926938085724063e-06
1432 3.917336959036177e-06 1.0462330602624414e-05
1433 1.9997977923402743e-05 1.5562491612539087e-06
1434 8.678647716031662e-07 1.0780215199172882e-05
1435 1.1692753533187883e-05 7.618256962108744e-06
1436 1.4641515275748418e-06 1.0726477994695005e-05
1437 2.2846380880459094e-05 1.3522055931185217e-06
1438 6.890331228914803e-06 9.654871272718468e-06
1439 7.982121206451254e-06 9.265288472608268e-06
1440 1.2573186142894599e-05 7.056255864716643e-06
1441 5.290145264957857e-06 1.0074404105983592e-05
1442 9.425577240707028e-06 8.643317958523244e-06
1443 7.5009927855695935e-06 9.39147152271072e-06
1444 7.70493483659429e-06 9.3070160217118e-06
1445 1.5219968248381122e-05 5.2648187304216165e-06
1446 7.567474716863032e-06 9.333759623596921e-06
1447 3.096538215618949e-06 1.0439328058223923e-05
1448 4.763520576656077e-06 1.0120699437878022e-05
1449 4.710596612111928e-06 1.0121087024805853e-05
1450 1.5329767457217258e-05 5.106762665976761e-06
1451 2.5106798278606846e-05 4.207050255878447e-06
1452 6.101816706793883e-06 9.73987803160048e-06
1453 4.469570939802381e-06 1.0134994952601395e-05
1454 4.436074845015625e-06 1.0130771979036807e-05
1455 1.0968828576096712e-05 7.743040970877024e-06
1456 1.5582133352509686e-06 1.0516939043959256e-05
1457 1.1183665695524425e-05 7.604044738228344e-06
1458 1.3065326667227595e-05 6.510863585020704e-06
1459 8.840607074178664e-06 8.691442410179578e-06
1460 9.690983009624787e-06 8.305535920693358e-06
1461 7.201276124746414e-06 9.292204014452188e-06
1462 2.398953978799412e-05 3.165827892382539e-06
1463 1.0834305576246095e-05 7.715165954703257e-06
1464 9.66310097072487e-06 8.274315435676666e-06
1465 1.645061772381773e-05 4.03836028247187e-06
1466 1.4087939043117004e-05 5.745324350433373e-06
1467 1.0224424810134636e-05 7.97433108088233e-06
1468 3.3171264450793103e-06 1.0197178010831753e-05
1469 3.897813754227819e-05 2.587123264653421e-05
1470 5.463897177593324e-06 9.737211448736238e-06
1471 9.301205445622074e-06 8.36971960545621e-06
1472 2.3841517855505145e-06 1.0294648212831603e-05
1473 1.57543394714299e-05 4.467155883387114e-06
1474 8.039450679175886e-06 8.860071205440273e-06
1475 2.067761636381782e-05 1.2873059778567564e-07
1476 4.810257277387819e-06 9.838131208299294e-06
1477 6.842807641849191e-06 9.257088391622509e-06
1478 1.0250935283950824e-05 7.842213896679107e-06
1479 3.7999093389640137e-06 1.001611172611605e-05
1480 1.6044331995423988e-05 4.140122448176298e-06
1481 7.644099169201723e-07 1.0331447192337556e-05
1482 1.637731567671885e-05 3.848877630198422e-06
1483 1.4699041399390822e-05 5.097562605999029e-06
1484 2.4906029056914747e-06 1.0167880648889044e-05
1485 3.0948454998735997e-07 1.0305454692320637e-05
1486 1.1333027146953611e-05 7.179844189554585e-06
1487 1.316411204710377e-06 1.0245927318856124e-05
1488 1.955210953341613e-05 9.81728784568009e-07
1489 6.13606070487549e-06 9.354111128526132e-06
1490 1.9126168808725197e-06 1.0171288869882666e-05
1491 5.2985026364194e-06 9.565506210805486e-06
1492 1.999500630223139e-05 4.825118683458862e-07
1493 9.140924156714192e-06 8.192076011735716e-06
1494 8.824370497428902e-06 8.319603365940231e-06
1495 1.0002373775908069e-06 1.018931297555245e-05
1496 2.1317080873384242e-05 9.263522388162915e-07
1497 4.699142750475005e-07 1.0191641961469766e-05
1498 9.479012708091261e-08 1.018662382134411e-05
1499 0.0001647326545413108 0.000649227675362074
1500 7.870060393155853e-06 8.895739701673261e-06
1501 1.4027966327656571e-05 5.63644658571269e-06
1502 5.3217224724733114e-06 9.68484745534487e-06
1503 6.537828354913344e-06 9.32601017282833e-06
1504 7.204057091980687e-06 9.093876667767842e-06
1505 7.769755664854827e-06 8.877970602852447e-06